-1.0 5 1998 2009 2018 0.0 4.6 1.81 0.68 0.0
-1.0 5 1998 2009 2018 0.0 4.6 1.81 0.68 0.0
-1.0 10 1998 2009 2018 0.0 4.6 1.81 0.68 0.0
-1.0 10 1998 2009 2018 0.0 4.6 1.81 0.68 0.0
-1.0 15 1998 2009 2018 0.0 4.6 1.81 0.68 0.0
-1.0 15 1998 2009 2018 0.0 4.6 1.81 0.68 0.0
-1.0 20 1998 2009 2018 0.0 4.6 1.81 0.68 0.0
-1.0 20 1998 2009 2018 0.0 4.6 1.81 0.68 0.0
-1.0 25 1998 2009 2018 0.0 4.6 1.81 0.68 0.0
-1.0 25 1998 2009 2018 0.0 4.6 1.81 0.68 0.0
-0.9 5 1998 2009 2018 0.0 4.58 1.81 0.68 0.0
-0.9 5 1998 2009 2018 0.0 4.58 1.81 0.68 0.0
-0.9 10 1998 2009 2018 0.0 4.58 1.81 0.68 0.0
-0.9 10 1998 2009 2018 0.0 4.58 1.81 0.68 0.0
-0.9 15 1998 2009 2018 0.0 4.58 1.81 0.68 0.0
-0.9 15 1998 2009 2018 0.0 4.58 1.81 0.68 0.0
-0.9 20 1998 2009 2018 0.0 4.58 1.81 0.68 0.0
-0.9 20 1998 2009 2018 0.0 4.58 1.81 0.68 0.0
-0.9 25 1998 2009 2018 0.0 4.58 1.81 0.68 0.0
-0.9 25 1998 2009 2018 0.0 4.58 1.81 0.68 0.0
-0.8 5 1998 2009 2018 0.0 4.54 1.65 0.65 0.0
-0.8 5 1998 2009 2018 0.0 4.54 1.65 0.65 0.0
-0.8 10 1998 2009 2018 0.0 4.54 1.65 0.65 0.0
-0.8 10 1998 2009 2018 0.0 4.54 1.65 0.65 0.0
-0.8 15 1998 2009 2018 0.0 4.54 1.65 0.65 0.0
-0.8 15 1998 2009 2018 0.0 4.54 1.65 0.65 0.0
-0.8 20 1998 2009 2018 0.0 4.54 1.65 0.65 0.0
-0.8 20 1998 2009 2018 0.0 4.54 1.65 0.65 0.0
-0.8 25 1998 2009 2018 0.0 4.54 1.65 0.65 0.0
-0.8 25 1998 2009 2018 0.0 4.54 1.65 0.65 0.0
-0.7 5 1998 2009 2018 0.0 3.72 1.65 0.65 0.0
-0.7 5 1998 2009 2018 0.0 3.72 1.65 0.65 0.0
-0.7 10 1998 2009 2018 0.0 3.72 1.65 0.65 0.0
-0.7 10 1998 2009 2018 0.0 3.72 1.65 0.65 0.0
-0.7 15 1998 2009 2018 0.0 3.72 1.65 0.65 0.0
-0.7 15 1998 2009 2018 0.0 3.72 1.65 0.65 0.0
-0.7 20 1998 2009 2018 0.0 3.72 1.65 0.65 0.0
-0.7 20 1998 2009 2018 0.0 3.72 1.65 0.65 0.0
-0.7 25 1998 2009 2018 0.0 3.72 1.65 0.65 0.0
-0.7 25 1998 2009 2018 0.0 3.72 1.65 0.65 0.0
-0.6 5 1998 2009 2018 0.0 3.64 1.65 0.56 0.0
-0.6 5 1998 2009 2018 0.0 3.64 1.65 0.56 0.0
-0.6 10 1998 2009 2018 0.0 3.64 1.65 0.56 0.0
-0.6 10 1998 2009 2018 0.0 3.64 1.65 0.56 0.0
-0.6 15 1998 2009 2018 0.0 3.64 1.65 0.56 0.0
-0.6 15 1998 2009 2018 0.0 3.64 1.65 0.56 0.0
-0.6 20 1998 2009 2018 0.0 3.64 1.65 0.56 0.0
-0.6 20 1998 2009 2018 0.0 3.64 1.65 0.56 0.0
-0.6 25 1998 2009 2018 0.0 3.64 1.65 0.56 0.0
-0.6 25 1998 2009 2018 0.0 3.64 1.65 0.56 0.0
-0.5 5 1998 2009 2018 0.0 3.5 1.64 0.55 0.0
-0.5 5 1998 2009 2018 0.0 3.5 1.64 0.55 0.0
-0.5 10 1998 2009 2018 0.0 3.5 1.64 0.55 0.0
-0.5 10 1998 2009 2018 0.0 3.5 1.64 0.55 0.0
-0.5 15 1998 2009 2018 0.0 3.5 1.64 0.55 0.0
-0.5 15 1998 2009 2018 0.0 3.5 1.64 0.55 0.0
-0.5 20 1998 2009 2018 0.0 3.5 1.64 0.55 0.0
-0.5 20 1998 2009 2018 0.0 3.5 1.64 0.55 0.0
-0.5 25 1998 2009 2018 0.0 3.5 1.64 0.55 0.0
-0.5 25 1998 2009 2018 0.0 3.5 1.64 0.55 0.0
-0.4 5 1998 2009 2018 0.0 3.5 1.1 0.52 0.0
-0.4 5 1998 2009 2018 0.0 3.5 1.1 0.52 0.0
-0.4 10 1998 2009 2018 0.0 3.5 1.1 0.52 0.0
-0.4 10 1998 2009 2018 0.0 3.5 1.1 0.52 0.0
-0.4 15 1998 2009 2018 0.0 3.5 1.1 0.52 0.0
-0.4 15 1998 2009 2018 0.0 3.5 1.1 0.52 0.0
-0.4 20 1998 2009 2018 0.0 3.5 1.1 0.52 0.0
-0.4 20 1998 2009 2018 0.0 3.5 1.1 0.52 0.0
-0.4 25 1998 2009 2018 0.0 3.5 1.1 0.52 0.0
-0.4 25 1998 2009 2018 0.0 3.5 1.1 0.52 0.0
-0.3 5 1998 2009 2018 0.0 2.79 1.1 0.39 0.0
-0.3 5 1998 2009 2018 0.0 2.79 1.1 0.39 0.0
-0.3 10 1998 2009 2018 0.0 2.79 1.1 0.39 0.0
-0.3 10 1998 2009 2018 0.0 2.79 1.1 0.39 0.0
-0.3 15 1998 2009 2018 0.0 2.79 1.1 0.39 0.0
-0.3 15 1998 2009 2018 0.0 2.79 1.1 0.39 0.0
-0.3 20 1998 2009 2018 0.0 2.79 1.1 0.39 0.0
-0.3 20 1998 2009 2018 0.0 2.79 1.1 0.39 0.0
-0.3 25 1998 2009 2018 0.0 2.79 1.1 0.39 0.0
-0.3 25 1998 2009 2018 0.0 2.79 1.1 0.39 0.0
-0.2 5 1998 2009 2018 0.0 2.6 1.08 0.38 0.0
-0.2 5 1998 2009 2018 0.0 2.6 1.08 0.38 0.0
-0.2 10 1998 2009 2018 0.0 2.6 1.08 0.38 0.0
-0.2 10 1998 2009 2018 0.0 2.6 1.08 0.38 0.0
-0.2 15 1998 2009 2018 0.0 2.6 1.08 0.38 0.0
-0.2 15 1998 2009 2018 0.0 2.6 1.08 0.38 0.0
-0.2 20 1998 2009 2018 0.0 2.6 1.08 0.38 0.0
-0.2 20 1998 2009 2018 0.0 2.6 1.08 0.38 0.0
-0.2 25 1998 2009 2018 0.0 2.6 1.08 0.38 0.0
-0.2 25 1998 2009 2018 0.0 2.6 1.08 0.38 0.0
-0.1 5 1998 2009 2018 0.0 2.6 1.08 0.34 0.0
-0.1 5 1998 2009 2018 0.0 2.6 1.08 0.34 0.0
-0.1 10 1998 2009 2018 0.0 2.6 1.08 0.34 0.0
-0.1 10 1998 2009 2018 0.0 2.6 1.08 0.34 0.0
-0.1 15 1998 2009 2018 0.0 2.6 1.08 0.34 0.0
-0.1 15 1998 2009 2018 0.0 2.6 1.08 0.34 0.0
-0.1 20 1998 2009 2018 0.0 2.6 1.08 0.34 0.0
-0.1 20 1998 2009 2018 0.0 2.6 1.08 0.34 0.0
-0.1 25 1998 2009 2018 0.0 2.6 1.08 0.34 0.0
-0.1 25 1998 2009 2018 0.0 2.6 1.08 0.34 0.0
0.0 5 1998 2009 2018 0.0 1.49 1.06 0.34 0.0
0.0 5 1998 2009 2018 0.0 1.49 1.06 0.34 0.0
0.0 10 1998 2009 2018 0.0 1.49 1.06 0.34 0.0
0.0 10 1998 2009 2018 0.0 1.49 1.06 0.34 0.0
0.0 15 1998 2009 2018 0.0 1.49 1.06 0.34 0.0
0.0 15 1998 2009 2018 0.0 1.49 1.06 0.34 0.0
0.0 20 1998 2009 2018 0.0 1.49 1.06 0.34 0.0
0.0 20 1998 2009 2018 0.0 1.49 1.06 0.34 0.0
0.0 25 1998 2009 2018 0.0 1.49 1.06 0.34 0.0
0.0 25 1998 2009 2018 0.0 1.49 1.06 0.34 0.0
0.1 5 1998 2009 2018 0.0 0.95 0.99 0.34 0.0
0.1 5 1998 2009 2018 0.0 0.95 0.99 0.34 0.0
0.1 10 1998 2009 2018 0.0 0.95 0.99 0.34 0.0
0.1 10 1998 2009 2018 0.0 0.95 0.99 0.34 0.0
0.1 15 1998 2009 2018 0.0 0.95 0.99 0.34 0.0
0.1 15 1998 2009 2018 0.0 0.95 0.99 0.34 0.0
0.1 20 1998 2009 2018 0.0 0.95 0.99 0.34 0.0
0.1 20 1998 2009 2018 0.0 0.95 0.99 0.34 0.0
0.1 25 1998 2009 2018 0.0 0.95 0.99 0.34 0.0
0.1 25 1998 2009 2018 0.0 0.95 0.99 0.34 0.0
0.2 5 1998 2009 2018 0.0 0.67 0.91 0.33 0.0
0.2 10 1998 2009 2018 0.0 0.67 0.91 0.33 0.0
0.2 5 1998 2009 2018 0.0 0.67 0.91 0.33 0.0
0.2 15 1998 2009 2018 0.0 0.67 0.91 0.33 0.0
0.2 10 1998 2009 2018 0.0 0.67 0.91 0.33 0.0
0.2 20 1998 2009 2018 0.0 0.67 0.91 0.33 0.0
0.2 15 1998 2009 2018 0.0 0.67 0.91 0.33 0.0
0.2 25 1998 2009 2018 0.0 0.67 0.91 0.33 0.0
0.2 20 1998 2009 2018 0.0 0.67 0.91 0.33 0.0
0.2 25 1998 2009 2018 0.0 0.67 0.91 0.33 0.0
-1.0 5 1998 2009 2018 0.0 4.6 1.81 0.68 0.0
-1.0 10 1998 2009 2018 0.0 4.6 1.81 0.68 0.0
-1.0 15 1998 2009 2018 0.0 4.6 1.81 0.68 0.0
-1.0 20 1998 2009 2018 0.0 4.6 1.81 0.68 0.0
-1.0 25 1998 2009 2018 0.0 4.6 1.81 0.68 0.0
-1.0 5 1998 2009 2018 0.0 4.6 1.81 0.68 0.0
-0.9 5 1998 2009 2018 0.0 4.58 1.81 0.68 0.0
-1.0 10 1998 2009 2018 0.0 4.6 1.81 0.68 0.0
-0.9 10 1998 2009 2018 0.0 4.58 1.81 0.68 0.0
-1.0 15 1998 2009 2018 0.0 4.6 1.81 0.68 0.0
-0.9 15 1998 2009 2018 0.0 4.58 1.81 0.68 0.0
-1.0 20 1998 2009 2018 0.0 4.6 1.81 0.68 0.0
-0.9 20 1998 2009 2018 0.0 4.58 1.81 0.68 0.0
-1.0 25 1998 2009 2018 0.0 4.6 1.81 0.68 0.0
-0.9 25 1998 2009 2018 0.0 4.58 1.81 0.68 0.0
-0.9 5 1998 2009 2018 0.0 4.58 1.81 0.68 0.0
-1.0 5 1998 2009 2018 0.0 4.6 1.81 0.68 0.0
-0.8 5 1998 2009 2018 0.0 4.54 1.65 0.65 0.0
-0.9 10 1998 2009 2018 0.0 4.58 1.81 0.68 0.0
-1.0 10 1998 2009 2018 0.0 4.6 1.81 0.68 0.0
-0.8 10 1998 2009 2018 0.0 4.54 1.65 0.65 0.0
-0.9 15 1998 2009 2018 0.0 4.58 1.81 0.68 0.0
-1.0 15 1998 2009 2018 0.0 4.6 1.81 0.68 0.0
-0.8 15 1998 2009 2018 0.0 4.54 1.65 0.65 0.0
-0.9 20 1998 2009 2018 0.0 4.58 1.81 0.68 0.0
-1.0 20 1998 2009 2018 0.0 4.6 1.81 0.68 0.0
-0.8 20 1998 2009 2018 0.0 4.54 1.65 0.65 0.0
-0.9 25 1998 2009 2018 0.0 4.58 1.81 0.68 0.0
-1.0 25 1998 2009 2018 0.0 4.6 1.81 0.68 0.0
-0.8 25 1998 2009 2018 0.0 4.54 1.65 0.65 0.0
-0.8 5 1998 2009 2018 0.0 4.54 1.65 0.65 0.0
-0.9 5 1998 2009 2018 0.0 4.58 1.81 0.68 0.0
-0.7 5 1998 2009 2018 0.0 3.72 1.65 0.65 0.0
-0.8 10 1998 2009 2018 0.0 4.54 1.65 0.65 0.0
-0.9 10 1998 2009 2018 0.0 4.58 1.81 0.68 0.0
-0.7 10 1998 2009 2018 0.0 3.72 1.65 0.65 0.0
-0.8 15 1998 2009 2018 0.0 4.54 1.65 0.65 0.0
-0.9 15 1998 2009 2018 0.0 4.58 1.81 0.68 0.0
-0.7 15 1998 2009 2018 0.0 3.72 1.65 0.65 0.0
-0.8 20 1998 2009 2018 0.0 4.54 1.65 0.65 0.0
-0.9 20 1998 2009 2018 0.0 4.58 1.81 0.68 0.0
-0.7 20 1998 2009 2018 0.0 3.72 1.65 0.65 0.0
-0.8 25 1998 2009 2018 0.0 4.54 1.65 0.65 0.0
-0.9 25 1998 2009 2018 0.0 4.58 1.81 0.68 0.0
-0.7 25 1998 2009 2018 0.0 3.72 1.65 0.65 0.0
-0.7 5 1998 2009 2018 0.0 3.72 1.65 0.65 0.0
-0.8 5 1998 2009 2018 0.0 4.54 1.65 0.65 0.0
-0.6 5 1998 2009 2018 0.0 3.64 1.65 0.56 0.0
-0.7 10 1998 2009 2018 0.0 3.72 1.65 0.65 0.0
-0.8 10 1998 2009 2018 0.0 4.54 1.65 0.65 0.0
-0.6 10 1998 2009 2018 0.0 3.64 1.65 0.56 0.0
-0.7 15 1998 2009 2018 0.0 3.72 1.65 0.65 0.0
-0.8 15 1998 2009 2018 0.0 4.54 1.65 0.65 0.0
-0.6 15 1998 2009 2018 0.0 3.64 1.65 0.56 0.0
-0.7 20 1998 2009 2018 0.0 3.72 1.65 0.65 0.0
-0.8 20 1998 2009 2018 0.0 4.54 1.65 0.65 0.0
-0.6 20 1998 2009 2018 0.0 3.64 1.65 0.56 0.0
-0.7 25 1998 2009 2018 0.0 3.72 1.65 0.65 0.0
-0.8 25 1998 2009 2018 0.0 4.54 1.65 0.65 0.0
-0.6 25 1998 2009 2018 0.0 3.64 1.65 0.56 0.0
-0.6 5 1998 2009 2018 0.0 3.64 1.65 0.56 0.0
-0.7 5 1998 2009 2018 0.0 3.72 1.65 0.65 0.0
-0.5 5 1998 2009 2018 0.0 3.5 1.64 0.55 0.0
-0.6 10 1998 2009 2018 0.0 3.64 1.65 0.56 0.0
-0.7 10 1998 2009 2018 0.0 3.72 1.65 0.65 0.0
-0.5 10 1998 2009 2018 0.0 3.5 1.64 0.55 0.0
-0.6 15 1998 2009 2018 0.0 3.64 1.65 0.56 0.0
-0.7 15 1998 2009 2018 0.0 3.72 1.65 0.65 0.0
-0.5 15 1998 2009 2018 0.0 3.5 1.64 0.55 0.0
-0.6 20 1998 2009 2018 0.0 3.64 1.65 0.56 0.0
-0.7 20 1998 2009 2018 0.0 3.72 1.65 0.65 0.0
-0.5 20 1998 2009 2018 0.0 3.5 1.64 0.55 0.0
-0.6 25 1998 2009 2018 0.0 3.64 1.65 0.56 0.0
-0.7 25 1998 2009 2018 0.0 3.72 1.65 0.65 0.0
-0.5 25 1998 2009 2018 0.0 3.5 1.64 0.55 0.0
-0.5 5 1998 2009 2018 0.0 3.5 1.64 0.55 0.0
-0.6 5 1998 2009 2018 0.0 3.64 1.65 0.56 0.0
-0.4 5 1998 2009 2018 0.0 3.5 1.1 0.52 0.0
-0.5 10 1998 2009 2018 0.0 3.5 1.64 0.55 0.0
-0.6 10 1998 2009 2018 0.0 3.64 1.65 0.56 0.0
-0.4 10 1998 2009 2018 0.0 3.5 1.1 0.52 0.0
-0.5 15 1998 2009 2018 0.0 3.5 1.64 0.55 0.0
-0.6 15 1998 2009 2018 0.0 3.64 1.65 0.56 0.0
-0.4 15 1998 2009 2018 0.0 3.5 1.1 0.52 0.0
-0.5 20 1998 2009 2018 0.0 3.5 1.64 0.55 0.0
-0.6 20 1998 2009 2018 0.0 3.64 1.65 0.56 0.0
-0.4 20 1998 2009 2018 0.0 3.5 1.1 0.52 0.0
-0.5 25 1998 2009 2018 0.0 3.5 1.64 0.55 0.0
-0.6 25 1998 2009 2018 0.0 3.64 1.65 0.56 0.0
-0.4 25 1998 2009 2018 0.0 3.5 1.1 0.52 0.0
-0.4 5 1998 2009 2018 0.0 3.5 1.1 0.52 0.0
-0.5 5 1998 2009 2018 0.0 3.5 1.64 0.55 0.0
-0.3 5 1998 2009 2018 0.0 2.79 1.1 0.39 0.0
-0.4 10 1998 2009 2018 0.0 3.5 1.1 0.52 0.0
-0.5 10 1998 2009 2018 0.0 3.5 1.64 0.55 0.0
-0.3 10 1998 2009 2018 0.0 2.79 1.1 0.39 0.0
-0.4 15 1998 2009 2018 0.0 3.5 1.1 0.52 0.0
-0.5 15 1998 2009 2018 0.0 3.5 1.64 0.55 0.0
-0.3 15 1998 2009 2018 0.0 2.79 1.1 0.39 0.0
-0.4 20 1998 2009 2018 0.0 3.5 1.1 0.52 0.0
-0.5 20 1998 2009 2018 0.0 3.5 1.64 0.55 0.0
-0.3 20 1998 2009 2018 0.0 2.79 1.1 0.39 0.0
-0.4 25 1998 2009 2018 0.0 3.5 1.1 0.52 0.0
-0.5 25 1998 2009 2018 0.0 3.5 1.64 0.55 0.0
-0.3 25 1998 2009 2018 0.0 2.79 1.1 0.39 0.0
-0.3 5 1998 2009 2018 0.0 2.79 1.1 0.39 0.0
-0.4 5 1998 2009 2018 0.0 3.5 1.1 0.52 0.0
-0.2 5 1998 2009 2018 0.0 2.6 1.08 0.38 0.0
-0.3 10 1998 2009 2018 0.0 2.79 1.1 0.39 0.0
-0.4 10 1998 2009 2018 0.0 3.5 1.1 0.52 0.0
-0.2 10 1998 2009 2018 0.0 2.6 1.08 0.38 0.0
-0.3 15 1998 2009 2018 0.0 2.79 1.1 0.39 0.0
-0.4 15 1998 2009 2018 0.0 3.5 1.1 0.52 0.0
-0.2 15 1998 2009 2018 0.0 2.6 1.08 0.38 0.0
-0.3 20 1998 2009 2018 0.0 2.79 1.1 0.39 0.0
-0.4 20 1998 2009 2018 0.0 3.5 1.1 0.52 0.0
-0.2 20 1998 2009 2018 0.0 2.6 1.08 0.38 0.0
-0.3 25 1998 2009 2018 0.0 2.79 1.1 0.39 0.0
-0.4 25 1998 2009 2018 0.0 3.5 1.1 0.52 0.0
-0.2 25 1998 2009 2018 0.0 2.6 1.08 0.38 0.0
-0.2 5 1998 2009 2018 0.0 2.6 1.08 0.38 0.0
-0.3 5 1998 2009 2018 0.0 2.79 1.1 0.39 0.0
-0.1 5 1998 2009 2018 0.0 2.6 1.08 0.34 0.0
-0.2 10 1998 2009 2018 0.0 2.6 1.08 0.38 0.0
-0.3 10 1998 2009 2018 0.0 2.79 1.1 0.39 0.0
-0.1 10 1998 2009 2018 0.0 2.6 1.08 0.34 0.0
-0.2 15 1998 2009 2018 0.0 2.6 1.08 0.38 0.0
-0.3 15 1998 2009 2018 0.0 2.79 1.1 0.39 0.0
-0.1 15 1998 2009 2018 0.0 2.6 1.08 0.34 0.0
-0.2 20 1998 2009 2018 0.0 2.6 1.08 0.38 0.0
-0.3 20 1998 2009 2018 0.0 2.79 1.1 0.39 0.0
-0.1 20 1998 2009 2018 0.0 2.6 1.08 0.34 0.0
-0.2 25 1998 2009 2018 0.0 2.6 1.08 0.38 0.0
-0.3 25 1998 2009 2018 0.0 2.79 1.1 0.39 0.0
-0.1 25 1998 2009 2018 0.0 2.6 1.08 0.34 0.0
-0.1 5 1998 2009 2018 0.0 2.6 1.08 0.34 0.0
-0.2 5 1998 2009 2018 0.0 2.6 1.08 0.38 0.0
0.0 5 1998 2009 2018 0.0 1.49 1.06 0.34 0.0
-0.1 10 1998 2009 2018 0.0 2.6 1.08 0.34 0.0
-0.2 10 1998 2009 2018 0.0 2.6 1.08 0.38 0.0
0.0 10 1998 2009 2018 0.0 1.49 1.06 0.34 0.0
-0.1 15 1998 2009 2018 0.0 2.6 1.08 0.34 0.0
-0.2 15 1998 2009 2018 0.0 2.6 1.08 0.38 0.0
0.0 15 1998 2009 2018 0.0 1.49 1.06 0.34 0.0
-0.1 20 1998 2009 2018 0.0 2.6 1.08 0.34 0.0
-0.2 20 1998 2009 2018 0.0 2.6 1.08 0.38 0.0
0.0 20 1998 2009 2018 0.0 1.49 1.06 0.34 0.0
-0.1 25 1998 2009 2018 0.0 2.6 1.08 0.34 0.0
-0.2 25 1998 2009 2018 0.0 2.6 1.08 0.38 0.0
0.0 25 1998 2009 2018 0.0 1.49 1.06 0.34 0.0
0.0 5 1998 2009 2018 0.0 1.49 1.06 0.34 0.0
-0.1 5 1998 2009 2018 0.0 2.6 1.08 0.34 0.0
0.1 5 1998 2009 2018 0.0 0.95 0.99 0.34 0.0
0.0 10 1998 2009 2018 0.0 1.49 1.06 0.34 0.0
-0.1 10 1998 2009 2018 0.0 2.6 1.08 0.34 0.0
0.1 10 1998 2009 2018 0.0 0.95 0.99 0.34 0.0
-0.1 15 1998 2009 2018 0.0 2.6 1.08 0.34 0.0
0.0 15 1998 2009 2018 0.0 1.49 1.06 0.34 0.0
0.1 15 1998 2009 2018 0.0 0.95 0.99 0.34 0.0
-0.1 20 1998 2009 2018 0.0 2.6 1.08 0.34 0.0
0.0 20 1998 2009 2018 0.0 1.49 1.06 0.34 0.0
0.1 20 1998 2009 2018 0.0 0.95 0.99 0.34 0.0
-0.1 25 1998 2009 2018 0.0 2.6 1.08 0.34 0.0
0.0 25 1998 2009 2018 0.0 1.49 1.06 0.34 0.0
0.1 25 1998 2009 2018 0.0 0.95 0.99 0.34 0.0
0.0 5 1998 2009 2018 0.0 1.49 1.06 0.34 0.0
0.1 5 1998 2009 2018 0.0 0.95 0.99 0.34 0.0
0.2 5 1998 2009 2018 0.0 0.67 0.91 0.33 0.0
0.0 10 1998 2009 2018 0.0 1.49 1.06 0.34 0.0
0.1 10 1998 2009 2018 0.0 0.95 0.99 0.34 0.0
0.2 10 1998 2009 2018 0.0 0.67 0.91 0.33 0.0
0.0 15 1998 2009 2018 0.0 1.49 1.06 0.34 0.0
0.1 15 1998 2009 2018 0.0 0.95 0.99 0.34 0.0
0.2 15 1998 2009 2018 0.0 0.67 0.91 0.33 0.0
0.0 20 1998 2009 2018 0.0 1.49 1.06 0.34 0.0
0.1 20 1998 2009 2018 0.0 0.95 0.99 0.34 0.0
0.2 20 1998 2009 2018 0.0 0.67 0.91 0.33 0.0
0.0 25 1998 2009 2018 0.0 1.49 1.06 0.34 0.0
0.1 25 1998 2009 2018 0.0 0.95 0.99 0.34 0.0
0.2 25 1998 2009 2018 0.0 0.67 0.91 0.33 0.0
0.1 5 1998 2009 2018 0.0 0.95 0.99 0.34 0.0
0.2 5 1998 2009 2018 0.0 0.67 0.91 0.33 0.0
0.1 10 1998 2009 2018 0.0 0.95 0.99 0.34 0.0
0.2 10 1998 2009 2018 0.0 0.67 0.91 0.33 0.0
0.1 15 1998 2009 2018 0.0 0.95 0.99 0.34 0.0
0.2 15 1998 2009 2018 0.0 0.67 0.91 0.33 0.0
0.1 20 1998 2009 2018 0.0 0.95 0.99 0.34 0.0
0.2 20 1998 2009 2018 0.0 0.67 0.91 0.33 0.0
0.1 25 1998 2009 2018 0.0 0.95 0.99 0.34 0.0
0.2 25 1998 2009 2018 0.0 0.67 0.91 0.33 0.0
0.2 5 1998 2009 2018 0.0 0.67 0.91 0.33 0.0
0.2 10 1998 2009 2018 0.0 0.67 0.91 0.33 0.0
0.2 15 1998 2009 2018 0.0 0.67 0.91 0.33 0.0
0.2 20 1998 2009 2018 0.0 0.67 0.91 0.33 0.0
0.2 25 1998 2009 2018 0.0 0.67 0.91 0.33 0.0
